1.000000 0.000000 0.000000 0.000000 0.000000 1.000000 0.000000 0.000000 0.000000 0.000000 1.000000 0.000000 
0.999991 -0.002509 -0.003419 -0.000285 0.002501 0.999994 -0.002325 -0.003234 0.003425 0.002316 0.999991 0.676005 
0.999975 -0.000934 -0.007051 -0.020331 0.000907 0.999992 -0.003808 -0.009317 0.007055 0.003802 0.999968 1.357763 
0.999935 -0.001460 -0.011316 -0.029175 0.001401 0.999986 -0.005165 -0.011717 0.011324 0.005149 0.999923 2.081391 
0.999872 0.000234 -0.015976 -0.049734 -0.000326 0.999983 -0.005774 -0.019512 0.015974 0.005778 0.999856 2.806910 
0.999791 -0.001150 -0.020404 -0.066716 0.001028 0.999982 -0.005986 -0.027703 0.020410 0.005964 0.999774 3.551815 
0.999687 0.000523 -0.025016 -0.090771 -0.000705 0.999973 -0.007290 -0.034529 0.025011 0.007305 0.999660 4.313246 
0.999561 0.002521 -0.029527 -0.128500 -0.002755 0.999965 -0.007898 -0.042007 0.029506 0.007976 0.999533 5.082305 
0.999410 0.003260 -0.034205 -0.151847 -0.003472 0.999975 -0.006138 -0.054489 0.034184 0.006253 0.999396 5.876712 
0.999245 0.002247 -0.038796 -0.182339 -0.002374 0.999992 -0.003222 -0.064785 0.038789 0.003311 0.999242 6.665591 
0.999106 0.002203 -0.042208 -0.217856 -0.002240 0.999997 -0.000820 -0.072190 0.042206 0.000914 0.999109 7.471748 
0.998996 0.003833 -0.044627 -0.264321 -0.003891 0.999992 -0.001232 -0.084194 0.044622 0.001405 0.999003 8.272927 
0.998900 0.003169 -0.046786 -0.311641 -0.003226 0.999994 -0.001137 -0.086738 0.046782 0.001286 0.998904 9.108334 
0.998829 0.000177 -0.048382 -0.350425 -0.000266 0.999998 -0.001834 -0.092250 0.048382 0.001845 0.998827 9.931500 
0.998737 0.000789 -0.050231 -0.399953 -0.000837 0.999999 -0.000930 -0.103733 0.050231 0.000971 0.998737 10.780123 
0.998654 -0.000569 -0.051864 -0.443718 0.000513 0.999999 -0.001099 -0.115269 0.051865 0.001071 0.998654 11.638689 
0.998568 0.001811 -0.053466 -0.497842 -0.002004 0.999992 -0.003556 -0.122547 0.053459 0.003658 0.998563 12.488971 
0.998483 0.002242 -0.055014 -0.548714 -0.002585 0.999978 -0.006164 -0.129717 0.054999 0.006297 0.998467 13.355615 
0.998362 0.006281 -0.056867 -0.604349 -0.006754 0.999944 -0.008137 -0.136634 0.056813 0.008508 0.998349 14.238652 
0.998323 0.006575 -0.057511 -0.666726 -0.007023 0.999946 -0.007598 -0.151086 0.057458 0.007989 0.998316 15.123390 
0.998245 0.006356 -0.058885 -0.719431 -0.006728 0.999959 -0.006121 -0.172737 0.058844 0.006506 0.998246 16.003010 
0.998165 0.006274 -0.060221 -0.780764 -0.006577 0.999967 -0.004830 -0.179459 0.060189 0.005218 0.998173 16.895829 
0.998101 0.005939 -0.061313 -0.837727 -0.006240 0.999969 -0.004711 -0.196946 0.061283 0.005084 0.998108 17.792014 
0.998030 0.004968 -0.062538 -0.915975 -0.005366 0.999966 -0.006192 -0.197188 0.062505 0.006515 0.998023 18.700109 
0.997965 0.003334 -0.063679 -0.976277 -0.003792 0.999968 -0.007071 -0.211845 0.063653 0.007298 0.997945 19.615699 
0.997920 0.002783 -0.064408 -1.036831 -0.003108 0.999983 -0.004960 -0.224415 0.064393 0.005150 0.997911 20.534632 
0.997928 0.002334 -0.064302 -1.110327 -0.002436 0.999996 -0.001505 -0.229416 0.064298 0.001659 0.997929 21.465361 
0.997959 0.002816 -0.063789 -1.178662 -0.002721 0.999995 0.001569 -0.227554 0.063793 -0.001393 0.997962 22.412209 
0.998028 0.002018 -0.062746 -1.231968 -0.001794 0.999992 0.003620 -0.221110 0.062752 -0.003501 0.998023 23.357873 
0.998127 0.002137 -0.061145 -1.294857 -0.001872 0.999989 0.004392 -0.226211 0.061154 -0.004269 0.998119 24.285676 
0.998215 0.002765 -0.059664 -1.357378 -0.002651 0.999994 0.001999 -0.241768 0.059669 -0.001837 0.998217 25.228609 
0.998263 0.003877 -0.058794 -1.419749 -0.004035 0.999989 -0.002577 -0.254934 0.058784 0.002810 0.998267 26.165365 
0.998318 0.002304 -0.057931 -1.464778 -0.002626 0.999981 -0.005495 -0.252963 0.057917 0.005638 0.998305 27.102530 
0.998366 -0.000217 -0.057143 -1.521881 -0.000033 0.999991 -0.004359 -0.265966 0.057144 0.004353 0.998356 28.057220 
0.998338 -0.002498 -0.057573 -1.578870 0.002555 0.999996 0.000919 -0.279845 0.057571 -0.001064 0.998341 29.034199 
0.998272 -0.006827 -0.058362 -1.631713 0.007098 0.999965 0.004435 -0.292145 0.058330 -0.004841 0.998286 29.993885 
0.998122 -0.014350 -0.059553 -1.670865 0.014591 0.999887 0.003613 -0.297860 0.059494 -0.004475 0.998219 30.939936 
0.998025 -0.015310 -0.060919 -1.723296 0.015290 0.999883 -0.000790 -0.305017 0.060924 -0.000143 0.998142 31.906761 
0.997934 -0.015821 -0.062269 -1.785479 0.015550 0.999867 -0.004833 -0.316673 0.062338 0.003854 0.998048 32.898542 
0.997816 -0.014850 -0.064367 -1.853626 0.014516 0.999879 -0.005666 -0.320408 0.064444 0.004719 0.997910 33.893992 
0.997772 -0.015164 -0.064963 -1.922737 0.014909 0.999879 -0.004398 -0.330215 0.065022 0.003419 0.997878 34.897568 
0.997704 -0.012191 -0.066625 -1.987087 0.012132 0.999926 -0.001293 -0.351652 0.066636 0.000482 0.997777 35.904257 
0.997636 -0.012502 -0.067570 -2.062891 0.012535 0.999921 0.000063 -0.361149 0.067564 -0.000910 0.997715 36.902307 
0.997590 -0.011489 -0.068423 -2.142776 0.011707 0.999928 0.002792 -0.371699 0.068386 -0.003587 0.997653 37.902027 
0.997545 -0.011416 -0.069092 -2.183832 0.011873 0.999910 0.006202 -0.389876 0.069015 -0.007007 0.997591 38.899913 
0.997576 -0.005334 -0.069381 -2.271240 0.005925 0.999948 0.008304 -0.389571 0.069333 -0.008695 0.997556 39.909019 
0.997575 -0.006018 -0.069338 -2.362340 0.006581 0.999947 0.007901 -0.393108 0.069287 -0.008338 0.997562 40.938227 
0.997548 -0.006155 -0.069709 -2.418654 0.006577 0.999961 0.005821 -0.385868 0.069670 -0.006265 0.997550 41.951210 
0.997578 -0.004579 -0.069410 -2.509686 0.004855 0.999981 0.003801 -0.397255 0.069391 -0.004129 0.997581 42.952218 
0.997511 -0.004673 -0.070362 -2.576727 0.004968 0.999980 0.004012 -0.419273 0.070342 -0.004352 0.997513 43.950623 
0.997362 -0.007643 -0.072182 -2.639010 0.008015 0.999956 0.004854 -0.412470 0.072141 -0.005419 0.997380 44.942162 
0.997344 -0.006496 -0.072543 -2.729581 0.006933 0.999959 0.005770 -0.419976 0.072502 -0.006258 0.997349 45.940484 
0.997370 -0.004828 -0.072323 -2.813069 0.005007 0.999985 0.002297 -0.432457 0.072311 -0.002653 0.997379 46.899996 
0.997328 -0.004855 -0.072886 -2.901853 0.004727 0.999987 -0.001929 -0.436987 0.072894 0.001579 0.997338 47.876555 
0.997312 -0.004370 -0.073145 -2.987665 0.004159 0.999987 -0.003042 -0.446378 0.073157 0.002730 0.997317 48.842778 
0.997275 -0.005243 -0.073583 -3.045232 0.005304 0.999986 0.000639 -0.454303 0.073578 -0.001028 0.997289 49.800148 
0.997228 -0.007243 -0.074053 -3.107519 0.007563 0.999963 0.004032 -0.475297 0.074022 -0.004581 0.997246 50.766438 
0.997194 -0.008479 -0.074385 -3.170904 0.008870 0.999949 0.004923 -0.490537 0.074340 -0.005569 0.997217 51.726025 
0.997144 -0.012476 -0.074485 -3.242488 0.012778 0.999912 0.003579 -0.493808 0.074434 -0.004520 0.997216 52.687005 
0.997093 -0.015202 -0.074666 -3.313550 0.015359 0.999881 0.001529 -0.494409 0.074634 -0.002672 0.997207 53.627651 
0.997012 -0.016779 -0.075405 -3.396641 0.017042 0.999851 0.002843 -0.520639 0.075346 -0.004120 0.997149 54.589152 
0.996851 -0.020282 -0.076658 -3.468549 0.020904 0.999755 0.007322 -0.537228 0.076491 -0.008901 0.997031 55.548501 
0.996810 -0.020925 -0.077024 -3.549567 0.021933 0.999684 0.012268 -0.537666 0.076743 -0.013918 0.996954 56.498369 
0.996804 -0.019473 -0.077480 -3.625651 0.020671 0.999678 0.014685 -0.546079 0.077169 -0.016239 0.996886 57.430743 
0.996713 -0.018548 -0.078860 -3.692077 0.019436 0.999756 0.010517 -0.544130 0.078645 -0.012015 0.996830 58.337637 
0.996658 -0.016503 -0.079999 -3.768530 0.016772 0.999856 0.002702 -0.549253 0.079943 -0.004035 0.996791 59.257954 
0.996624 -0.014599 -0.080789 -3.847934 0.014469 0.999893 -0.002197 -0.558670 0.080812 0.001020 0.996729 60.178857 
0.996610 -0.010039 -0.081658 -3.930646 0.009970 0.999950 -0.001258 -0.571927 0.081666 0.000440 0.996660 61.077843 
0.996518 -0.007356 -0.083052 -4.007501 0.007473 0.999971 0.001098 -0.584892 0.083042 -0.001715 0.996545 61.965416 
0.996445 -0.005438 -0.084074 -4.078359 0.005682 0.999980 0.002666 -0.598355 0.084058 -0.003134 0.996456 62.837144 
0.996376 -0.004619 -0.084931 -4.163267 0.004845 0.999985 0.002453 -0.610036 0.084919 -0.002856 0.996384 63.693617 
0.996211 -0.003033 -0.086916 -4.229466 0.003304 0.999990 0.002981 -0.614843 0.086906 -0.003257 0.996211 64.538863 
0.996065 -0.002222 -0.088597 -4.300338 0.002544 0.999991 0.003516 -0.625662 0.088588 -0.003728 0.996061 65.383259 
0.995921 -0.001518 -0.090218 -4.361025 0.001892 0.999990 0.004066 -0.645034 0.090211 -0.004220 0.995914 66.191153 
0.995791 -0.001906 -0.091637 -4.431845 0.002370 0.999985 0.004953 -0.649811 0.091626 -0.005149 0.995780 66.999357 
0.995654 0.000822 -0.093128 -4.510623 -0.000113 0.999971 0.007615 -0.655336 0.093132 -0.007571 0.995625 67.801218 
0.995535 0.002329 -0.094369 -4.589388 -0.001237 0.999932 0.011629 -0.661437 0.094389 -0.011460 0.995469 68.582310 
0.995401 0.005516 -0.095639 -4.678943 -0.004263 0.999902 0.013309 -0.667110 0.095704 -0.012840 0.995327 69.346624 
0.995270 0.008459 -0.096780 -4.763911 -0.007593 0.999928 0.009311 -0.677734 0.096851 -0.008532 0.995262 70.092898 
0.995157 0.008400 -0.097939 -4.846209 -0.008213 0.999964 0.002316 -0.695468 0.097954 -0.001501 0.995190 70.829144 
0.995021 0.007582 -0.099376 -4.919867 -0.007952 0.999963 -0.003333 -0.708603 0.099347 0.004107 0.995044 71.544340 
0.994966 0.008438 -0.099862 -4.989158 -0.008953 0.999949 -0.004707 -0.711823 0.099817 0.005577 0.994990 72.246384 
0.994848 0.011411 -0.100732 -5.058013 -0.011593 0.999932 -0.001228 -0.726616 0.100711 0.002390 0.994913 72.923926 
0.994701 0.011689 -0.102146 -5.123753 -0.011622 0.999932 0.001250 -0.749208 0.102153 -0.000056 0.994769 73.576190 
0.994640 0.008639 -0.103040 -5.186988 -0.008894 0.999958 -0.002014 -0.764187 0.103018 0.002920 0.994675 74.206971 
0.994677 0.000071 -0.103041 -5.244725 -0.000768 0.999977 -0.006723 -0.782334 0.103039 0.006767 0.994654 74.830782 
0.994764 -0.004113 -0.102111 -5.295410 0.002942 0.999928 -0.011615 -0.791582 0.102152 0.011253 0.994705 75.419805 
0.995087 -0.001726 -0.098988 -5.354669 0.000604 0.999935 -0.011366 -0.814815 0.099001 0.011251 0.995024 76.005768 
0.995472 0.003771 -0.094982 -5.412489 -0.004603 0.999953 -0.008543 -0.825946 0.094945 0.008941 0.995442 76.584326 
0.995944 0.002242 -0.089943 -5.473479 -0.002735 0.999982 -0.005360 -0.838946 0.089929 0.005584 0.995932 77.143889 
0.996455 -0.001528 -0.084113 -5.515543 0.001435 0.999998 -0.001167 -0.851554 0.084115 0.001042 0.996456 77.679538 
0.997086 -0.006569 -0.075998 -5.542261 0.006784 0.999974 0.002566 -0.864394 0.075979 -0.003074 0.997105 78.216327 
0.997852 -0.002936 -0.065442 -5.569747 0.003109 0.999992 0.002542 -0.874190 0.065434 -0.002740 0.997853 78.733055 
0.998729 0.002461 -0.050335 -5.597454 -0.002340 0.999994 0.002468 -0.885935 0.050341 -0.002347 0.998729 79.238042 
0.999441 0.007238 -0.032636 -5.601163 -0.007137 0.999969 0.003201 -0.886541 0.032658 -0.002966 0.999462 79.746583 
0.999927 0.005638 -0.010643 -5.587957 -0.005598 0.999977 0.003798 -0.889313 0.010665 -0.003739 0.999936 80.234624 
0.999875 0.001744 0.015694 -5.562266 -0.001826 0.999985 0.005177 -0.896144 -0.015685 -0.005205 0.999863 80.715390 
0.998966 0.000819 0.045447 -5.526717 -0.001127 0.999977 0.006744 -0.900124 -0.045440 -0.006788 0.998944 81.172371 
0.996974 0.000285 0.077734 -5.453247 -0.000923 0.999966 0.008179 -0.901260 -0.077729 -0.008226 0.996941 81.631772 
0.993333 0.000441 0.115276 -5.378124 -0.001499 0.999958 0.009095 -0.907435 -0.115267 -0.009207 0.993292 82.077225 
0.987650 -0.000060 0.156675 -5.282634 -0.001457 0.999953 0.009564 -0.919875 -0.156668 -0.009674 0.987604 82.509760 
0.979430 -0.001105 0.201783 -5.173077 -0.000900 0.999951 0.009841 -0.914944 -0.201784 -0.009820 0.979381 82.942074 
0.968094 -0.000236 0.250587 -5.038259 -0.002038 0.999959 0.008817 -0.928244 -0.250579 -0.009046 0.968054 83.343006 
0.952673 0.000974 0.303994 -4.890536 -0.003114 0.999974 0.006555 -0.931289 -0.303980 -0.007191 0.952651 83.731259 
0.933052 0.001100 0.359740 -4.712654 -0.003150 0.999982 0.005113 -0.936155 -0.359728 -0.005904 0.933039 84.100367 
0.908807 0.001654 0.417213 -4.515784 -0.003507 0.999987 0.003675 -0.935385 -0.417202 -0.004803 0.908801 84.454574 
0.879963 0.002008 0.475038 -4.294646 -0.003545 0.999991 0.002340 -0.937034 -0.475029 -0.003743 0.879962 84.780942 
0.846390 0.000534 0.532563 -4.052921 -0.001081 0.999999 0.000716 -0.937591 -0.532563 -0.001182 0.846390 85.090807 
0.809204 0.000212 0.587528 -3.792662 -0.000466 1.000000 0.000280 -0.944423 -0.587527 -0.000500 0.809204 85.385359 
0.769714 -0.000713 0.638389 -3.509482 -0.000018 0.999999 0.001139 -0.944102 -0.638389 -0.000888 0.769713 85.651911 
0.726594 -0.001402 0.687065 -3.225810 -0.002118 0.999989 0.004280 -0.954584 -0.687064 -0.004565 0.726583 85.907594 
0.681660 -0.002363 0.731665 -2.922785 -0.002230 0.999983 0.005308 -0.960102 -0.731665 -0.005250 0.681644 86.129353 
0.635475 -0.004356 0.772109 -2.604181 0.001078 0.999988 0.004754 -0.966789 -0.772120 -0.002189 0.635472 86.327707 
0.588491 -0.006938 0.808474 -2.273715 0.006110 0.999973 0.004134 -0.970362 -0.808481 0.002507 0.588517 86.513510 
0.542576 -0.004976 0.839992 -1.936245 0.004388 0.999986 0.003090 -0.971800 -0.839995 0.002009 0.542590 86.671590 
0.495572 -0.001770 0.868565 -1.598185 0.000776 0.999998 0.001595 -0.968396 -0.868566 -0.000117 0.495573 86.824196 
0.450973 0.000624 0.892537 -1.254578 -0.000194 1.000000 -0.000601 -0.968784 -0.892537 0.000098 0.450973 86.947736 
0.408716 -0.002105 0.912659 -0.902160 0.006856 0.999976 -0.000764 -0.971902 -0.912636 0.006569 0.408721 87.054707 
0.369137 -0.009725 0.929324 -0.536806 0.022158 0.999753 0.001661 -0.968611 -0.929111 0.019979 0.369261 87.141552 
0.333730 -0.012979 0.942579 -0.168850 0.026074 0.999650 0.004533 -0.965871 -0.942308 0.023064 0.333951 87.236318 
0.300416 -0.008960 0.953766 0.207011 0.022548 0.999743 0.002290 -0.972781 -0.953542 0.020818 0.300541 87.345614 
0.268883 -0.001274 0.963172 0.575222 0.010513 0.999943 -0.001612 -0.988910 -0.963116 0.010559 0.268881 87.453323 
0.240583 0.003033 0.970624 0.955912 0.005856 0.999972 -0.004576 -0.998984 -0.970611 0.006785 0.240559 87.541103 
0.214762 0.004683 0.976655 1.353243 0.007696 0.999949 -0.006487 -1.005247 -0.976636 0.008910 0.214715 87.614183 
0.191562 0.005640 0.981464 1.749727 0.014974 0.999850 -0.008668 -1.014417 -0.981366 0.016357 0.191449 87.657663 
0.171651 0.011850 0.985087 2.155708 0.022487 0.999620 -0.015943 -1.007597 -0.984901 0.024888 0.171319 87.697405 
0.152140 0.018648 0.988183 2.574525 0.024298 0.999449 -0.022602 -1.002652 -0.988060 0.027449 0.151603 87.740004 
0.134772 0.019232 0.990690 3.009490 0.021953 0.999508 -0.022390 -1.010677 -0.990633 0.024766 0.134284 87.790275 
0.119516 0.014871 0.992721 3.468165 0.020173 0.999645 -0.017403 -1.026961 -0.992627 0.022106 0.119174 87.843227 
0.105326 0.011798 0.994368 3.942912 0.020370 0.999694 -0.014019 -1.040109 -0.994229 0.021731 0.105054 87.884880 
0.092105 0.009200 0.995707 4.431828 0.022902 0.999673 -0.011355 -1.051366 -0.995486 0.023850 0.091864 87.922475 
0.080606 0.008381 0.996711 4.933054 0.026430 0.999595 -0.010543 -1.058783 -0.996396 0.027193 0.080351 87.951851 
0.070533 0.009026 0.997469 5.451606 0.029673 0.999498 -0.011143 -1.066321 -0.997068 0.030384 0.070230 87.979924 
0.062674 0.009537 0.997988 5.976900 0.032074 0.999419 -0.011565 -1.071649 -0.997519 0.032735 0.062331 88.004709 
0.057198 0.009847 0.998314 6.527947 0.033920 0.999355 -0.011800 -1.080587 -0.997786 0.034537 0.056827 88.028407 
0.051547 0.010857 0.998612 7.091661 0.035287 0.999297 -0.012686 -1.090505 -0.998047 0.035892 0.051127 88.053656 
0.045696 0.011349 0.998891 7.664001 0.036449 0.999251 -0.013021 -1.102761 -0.998290 0.037003 0.045249 88.070318 
0.041321 0.011081 0.999084 8.266794 0.038988 0.999159 -0.012694 -1.117095 -0.998385 0.039477 0.040854 88.090044 
0.038537 0.010709 0.999200 8.894018 0.041018 0.999083 -0.012290 -1.132493 -0.998415 0.041459 0.038062 88.107044 
0.035425 0.010384 0.999318 9.539998 0.041335 0.999075 -0.011847 -1.136999 -0.998517 0.041726 0.034963 88.129307 
0.032888 0.009584 0.999413 10.196932 0.043401 0.998997 -0.011008 -1.148891 -0.998516 0.043737 0.032439 88.152510 
0.032340 0.009213 0.999434 10.872466 0.048272 0.998776 -0.010769 -1.157540 -0.998311 0.048593 0.031856 88.163380 
0.033305 0.008726 0.999407 11.560054 0.051523 0.998617 -0.010436 -1.170899 -0.998116 0.051840 0.032810 88.182458 
0.035549 0.008625 0.999331 12.276781 0.053474 0.998514 -0.010520 -1.178379 -0.997936 0.053813 0.035035 88.211187 
0.039512 0.008881 0.999180 13.006561 0.055337 0.998406 -0.011062 -1.177918 -0.997686 0.055729 0.038958 88.235990 
0.043689 0.008532 0.999009 13.746579 0.055555 0.998396 -0.010956 -1.189047 -0.997499 0.055978 0.043145 88.273652 
0.047405 0.006903 0.998852 14.503994 0.056949 0.998331 -0.009602 -1.201002 -0.997251 0.057338 0.046933 88.318714 
0.051765 0.004832 0.998648 15.274651 0.057701 0.998303 -0.007821 -1.220038 -0.996991 0.058028 0.051398 88.347691 
0.056087 0.002377 0.998423 16.054478 0.054277 0.998511 -0.005426 -1.241786 -0.996950 0.054495 0.055874 88.388382 
0.060426 0.001182 0.998172 16.857283 0.053913 0.998536 -0.004446 -1.251322 -0.996716 0.054084 0.060274 88.431404 
0.064109 0.002056 0.997941 17.656163 0.051117 0.998678 -0.005342 -1.265278 -0.996633 0.051355 0.063919 88.502184 
0.067533 0.005993 0.997699 18.456520 0.049682 0.998721 -0.009362 -1.279520 -0.996479 0.050200 0.067149 88.554815 
0.068674 0.011228 0.997576 19.276163 0.043813 0.998938 -0.014259 -1.299915 -0.996677 0.044686 0.068109 88.629403 
0.068368 0.014484 0.997555 20.088966 0.040734 0.999020 -0.017297 -1.314163 -0.996828 0.041817 0.067711 88.690934 
0.068613 0.014411 0.997539 20.894341 0.038142 0.999127 -0.017057 -1.330915 -0.996914 0.039218 0.068003 88.746305 
0.068811 0.012741 0.997548 21.708483 0.035161 0.999266 -0.015188 -1.353714 -0.997010 0.036120 0.068312 88.803994 
0.068678 0.011359 0.997574 22.530436 0.035408 0.999277 -0.013816 -1.381462 -0.997010 0.036271 0.068226 88.860450 
0.069313 0.010651 0.997538 23.357508 0.033404 0.999358 -0.012991 -1.401742 -0.997036 0.034222 0.068913 88.920003 
0.069289 0.010900 0.997537 24.185835 0.031715 0.999411 -0.013123 -1.427703 -0.997092 0.032547 0.068903 88.989161 
0.069703 0.011376 0.997503 25.002579 0.029684 0.999469 -0.013473 -1.445506 -0.997126 0.030549 0.069328 89.047805 
0.068790 0.012820 0.997549 25.823865 0.026831 0.999532 -0.014695 -1.463855 -0.997270 0.027776 0.068414 89.110953 
0.066274 0.012106 0.997728 26.630207 0.023979 0.999618 -0.013721 -1.484344 -0.997513 0.024834 0.065958 89.162008 
0.062460 0.010329 0.997994 27.436553 0.021454 0.999701 -0.011690 -1.509478 -0.997817 0.022141 0.062220 89.215064 
0.057999 0.007818 0.998286 28.238750 0.020507 0.999749 -0.009021 -1.526220 -0.998106 0.020995 0.057825 89.257997 
0.051602 0.005464 0.998653 29.048162 0.018549 0.999807 -0.006428 -1.547885 -0.998495 0.018856 0.051490 89.307744 
0.044022 0.005478 0.999016 29.859902 0.017926 0.999820 -0.006273 -1.568787 -0.998870 0.018185 0.043916 89.352605 
0.035123 0.006657 0.999361 30.669572 0.017282 0.999824 -0.007268 -1.582723 -0.999234 0.017526 0.035002 89.383740 
0.025472 0.006976 0.999651 31.464728 0.017853 0.999813 -0.007432 -1.601192 -0.999516 0.018036 0.025343 89.395821 
0.014862 0.005973 0.999872 32.264449 0.019084 0.999798 -0.006256 -1.614969 -0.999707 0.019175 0.014745 89.410182 
0.004084 0.005154 0.999978 33.072894 0.018657 0.999812 -0.005229 -1.626380 -0.999818 0.018678 0.003987 89.418874 
-0.007320 0.004335 0.999964 33.861565 0.019975 0.999792 -0.004188 -1.638301 -0.999774 0.019943 -0.007405 89.418661 
-0.018426 0.004597 0.999820 34.649250 0.019468 0.999801 -0.004238 -1.653987 -0.999641 0.019387 -0.018512 89.411652 
-0.029710 0.004858 0.999547 35.436867 0.019472 0.999801 -0.004281 -1.674548 -0.999369 0.019336 -0.029798 89.395385 
-0.040533 0.005885 0.999161 36.226364 0.020070 0.999786 -0.005074 -1.693845 -0.998977 0.019848 -0.040643 89.379216 
-0.051038 0.007042 0.998672 36.998276 0.020564 0.999771 -0.005999 -1.702672 -0.998485 0.020230 -0.051171 89.346471 
-0.060387 0.008207 0.998141 37.772885 0.020414 0.999767 -0.006985 -1.705250 -0.997966 0.019954 -0.060540 89.295472 
-0.070238 0.008347 0.997495 38.530543 0.021253 0.999751 -0.006869 -1.728150 -0.997304 0.020717 -0.070398 89.246018 
-0.079431 0.008505 0.996804 39.284306 0.022283 0.999729 -0.006754 -1.748419 -0.996591 0.021676 -0.079599 89.187072 
-0.087818 0.007820 0.996106 40.014958 0.023503 0.999707 -0.005776 -1.764239 -0.995859 0.022904 -0.087976 89.115515 
-0.094832 0.006679 0.995471 40.745010 0.025471 0.999666 -0.004281 -1.779041 -0.995167 0.024950 -0.094971 89.036330 
-0.099675 0.005076 0.995007 41.461481 0.028842 0.999582 -0.002210 -1.791246 -0.994602 0.028478 -0.099780 88.949315 
-0.103647 0.003871 0.994607 42.181398 0.031837 0.999493 -0.000572 -1.792675 -0.994104 0.031606 -0.103717 88.873305 
-0.106072 0.002631 0.994355 42.879357 0.033379 0.999442 0.000916 -1.804523 -0.993798 0.033288 -0.106100 88.786307 
-0.108006 0.001558 0.994149 43.578598 0.033939 0.999422 0.002121 -1.820161 -0.993571 0.033969 -0.107997 88.714839 
-0.108214 0.001658 0.994126 44.250947 0.035375 0.999372 0.002183 -1.833891 -0.993498 0.035403 -0.108204 88.632397 
-0.107439 0.002671 0.994208 44.918673 0.036233 0.999343 0.001230 -1.845855 -0.993551 0.036156 -0.107465 88.563716 
-0.104442 0.004502 0.994521 45.564339 0.036953 0.999317 -0.000643 -1.852919 -0.993844 0.036684 -0.104537 88.496422 
-0.099244 0.004810 0.995051 46.166817 0.036849 0.999320 -0.001155 -1.865482 -0.994381 0.036552 -0.099354 88.437007 
-0.091153 0.005224 0.995823 46.759522 0.035793 0.999357 -0.001966 -1.882763 -0.995193 0.035464 -0.091281 88.384923 
-0.079982 0.005578 0.996781 47.329161 0.035257 0.999374 -0.002763 -1.888336 -0.996173 0.034922 -0.080129 88.343699 
-0.066259 0.006272 0.997783 47.887614 0.035623 0.999358 -0.003916 -1.889951 -0.997166 0.035285 -0.066439 88.321185 
-0.049198 0.007433 0.998761 48.424062 0.034134 0.999401 -0.005756 -1.909249 -0.998206 0.033808 -0.049422 88.308010 
-0.027700 0.009950 0.999567 48.948424 0.032451 0.999432 -0.009049 -1.925261 -0.999089 0.032186 -0.028007 88.302864 
-0.002799 0.012981 0.999912 49.462223 0.030700 0.999446 -0.012889 -1.940381 -0.999525 0.030662 -0.003196 88.312752 
0.025836 0.014683 0.999558 49.992036 0.029590 0.999443 -0.015446 -1.956477 -0.999228 0.029976 0.025387 88.344066 
0.058845 0.014435 0.998163 50.494587 0.028197 0.999472 -0.016116 -1.967882 -0.997869 0.029094 0.058407 88.399324 
0.096970 0.012549 0.995208 51.006067 0.028476 0.999476 -0.015377 -1.969600 -0.994880 0.029831 0.096562 88.470662 
0.138743 0.008446 0.990292 51.495940 0.026602 0.999571 -0.012252 -1.995089 -0.989971 0.028044 0.138459 88.570818 
0.183843 0.003415 0.982950 51.978221 0.024180 0.999676 -0.007996 -2.022830 -0.982658 0.025238 0.183701 88.694860 
0.232346 0.000178 0.972633 52.456281 0.020945 0.999767 -0.005186 -2.036885 -0.972408 0.021577 0.232288 88.844896 
0.283914 -0.001842 0.958848 52.912932 0.017473 0.999842 -0.003253 -2.056574 -0.958691 0.017677 0.283901 89.015315 
0.338943 -0.002423 0.940804 53.354924 0.016857 0.999852 -0.003498 -2.069063 -0.940656 0.017044 0.338934 89.205902 
0.396770 -0.002808 0.917914 53.783894 0.019706 0.999791 -0.005460 -2.089888 -0.917707 0.020254 0.396742 89.423923 
0.455459 0.001771 0.890255 54.192857 0.020207 0.999720 -0.012327 -2.090669 -0.890027 0.023604 0.455296 89.676584 
0.514354 0.005638 0.857559 54.589099 0.022622 0.999541 -0.020140 -2.093070 -0.857279 0.029759 0.513991 89.957022 
0.571219 0.010554 0.820730 54.935418 0.019003 0.999479 -0.026078 -2.100453 -0.820577 0.030492 0.570721 90.265704 
0.626391 0.014931 0.779366 55.271225 0.014423 0.999423 -0.030739 -2.100944 -0.779375 0.030495 0.625815 90.592671 
0.678473 0.016632 0.734437 55.570190 0.012497 0.999338 -0.034176 -2.111701 -0.734519 0.032366 0.677816 90.932532 
0.727479 0.011159 0.686039 55.874172 0.015802 0.999330 -0.033011 -2.144182 -0.685948 0.034856 0.726815 91.293608 
0.771695 0.007543 0.635949 56.134231 0.013183 0.999525 -0.027852 -2.173130 -0.635857 0.029877 0.771229 91.686882 
0.812132 0.002207 0.583470 56.373181 0.012814 0.999684 -0.021617 -2.194057 -0.583333 0.025033 0.811847 92.103866 
0.848686 0.000218 0.528896 56.588219 0.010304 0.999803 -0.016946 -2.202020 -0.528796 0.019831 0.848517 92.529546 
0.880119 -0.005877 0.474716 56.788141 0.011490 0.999894 -0.008924 -2.238258 -0.474613 0.013309 0.880094 92.968192 
0.905698 -0.004158 0.423904 56.947841 0.007049 0.999961 -0.005253 -2.235390 -0.423866 0.007745 0.905692 93.421056 
0.926186 -0.001966 0.377061 57.107618 0.003018 0.999993 -0.002197 -2.244026 -0.377054 0.003173 0.926186 93.879792 
0.941256 0.004700 0.337662 57.238006 -0.004670 0.999989 -0.000899 -2.247092 -0.337662 -0.000731 0.941267 94.351853 
0.952981 0.009003 0.302895 57.355972 -0.008503 0.999959 -0.002967 -2.247363 -0.302909 0.000252 0.953019 94.812892 
0.962117 0.010932 0.272419 57.476268 -0.010304 0.999940 -0.003737 -2.237226 -0.272443 0.000788 0.962172 95.294317 
0.968091 0.005971 0.250528 57.594402 -0.005060 0.999978 -0.004280 -2.235223 -0.250548 0.002875 0.968100 95.778230 
0.972114 0.002533 0.234494 57.712032 -0.001681 0.999991 -0.003832 -2.255884 -0.234501 0.003331 0.972110 96.251530 
0.974959 0.006839 0.222279 57.807143 -0.006037 0.999973 -0.004285 -2.264428 -0.222302 0.002836 0.974974 96.750821 
0.977150 0.010806 0.212274 57.912941 -0.010297 0.999941 -0.003501 -2.277818 -0.212299 0.001235 0.977204 97.234575 
0.978349 0.018690 0.206114 58.012026 -0.018043 0.999825 -0.005019 -2.279614 -0.206172 0.001192 0.978515 97.751324 
0.978797 0.024063 0.203414 58.105356 -0.022764 0.999703 -0.008724 -2.285788 -0.203563 0.003909 0.979054 98.281444 
0.978946 0.024937 0.202590 58.203263 -0.023113 0.999668 -0.011367 -2.298602 -0.202806 0.006446 0.979198 98.815541 
0.978390 0.023100 0.205474 58.312470 -0.020378 0.999674 -0.015356 -2.300565 -0.205762 0.010837 0.978542 99.384237 
0.977596 0.021615 0.209379 58.442358 -0.017363 0.999604 -0.022124 -2.304801 -0.209775 0.017993 0.977584 99.964589 
0.976565 0.022050 0.214088 58.536828 -0.016831 0.999516 -0.026171 -2.325411 -0.214562 0.021954 0.976464 100.527281 
0.975520 0.026684 0.218287 58.661670 -0.021566 0.999435 -0.025797 -2.339142 -0.218852 0.020458 0.975544 101.108573 
0.974172 0.028238 0.224035 58.782637 -0.024031 0.999480 -0.021483 -2.358520 -0.224525 0.015545 0.974344 101.716035 
0.973169 0.025412 0.228684 58.928301 -0.022177 0.999614 -0.016707 -2.378755 -0.229020 0.011187 0.973357 102.323484 
0.972402 0.020971 0.232366 59.084373 -0.018910 0.999760 -0.011091 -2.393171 -0.232543 0.006391 0.972565 102.951225 
0.971519 0.018410 0.236244 59.233086 -0.017450 0.999829 -0.006154 -2.406100 -0.236316 0.001857 0.971674 103.566556 
0.970796 0.014527 0.239468 59.387648 -0.013557 0.999892 -0.005697 -2.411654 -0.239525 0.002284 0.970888 104.216970 
0.970773 0.010890 0.239752 59.549373 -0.009097 0.999922 -0.008587 -2.427693 -0.239827 0.006155 0.970796 104.837132 
0.970877 0.010473 0.239350 59.710818 -0.007009 0.999858 -0.015318 -2.443430 -0.239476 0.013195 0.970813 105.484980 
0.970973 0.013106 0.238828 59.864250 -0.008168 0.999732 -0.021654 -2.457954 -0.239048 0.019075 0.970820 106.129549 
0.971620 0.015850 0.236017 60.028010 -0.010096 0.999622 -0.025568 -2.467424 -0.236333 0.022460 0.971413 106.803155 
0.972260 0.013422 0.233516 60.189044 -0.008638 0.999732 -0.021498 -2.477251 -0.233742 0.018884 0.972115 107.487845 
0.972665 0.010188 0.231988 60.362028 -0.007194 0.999880 -0.013748 -2.500527 -0.232100 0.011703 0.972621 108.182478 
0.973420 0.009653 0.228824 60.531980 -0.008107 0.999938 -0.007696 -2.513967 -0.228884 0.005636 0.973437 108.886405 
0.973811 0.012544 0.227013 60.689373 -0.011016 0.999907 -0.007997 -2.526710 -0.227092 0.005287 0.973859 109.606754 
0.974133 0.017748 0.225277 60.844020 -0.015264 0.999802 -0.012762 -2.541551 -0.225459 0.008993 0.974211 110.345512 
0.974937 0.018729 0.221689 61.005194 -0.015055 0.999720 -0.018249 -2.552958 -0.221969 0.014454 0.974947 111.094594 
0.975843 0.016594 0.217840 61.166857 -0.012342 0.999706 -0.020862 -2.576406 -0.218123 0.017669 0.975761 111.845224 
0.976790 0.014482 0.213707 61.340245 -0.010622 0.999759 -0.019203 -2.601973 -0.213933 0.016487 0.976709 112.596380 
0.977602 0.010856 0.210183 61.511843 -0.007388 0.999823 -0.017278 -2.618247 -0.210333 0.015338 0.977509 113.386391 
0.977961 0.009475 0.208573 61.671891 -0.006522 0.999869 -0.014839 -2.633943 -0.208686 0.013151 0.977894 114.177328 
0.978321 0.005440 0.207021 61.845998 -0.002915 0.999918 -0.012501 -2.648965 -0.207072 0.011626 0.978257 114.983203 
0.978421 -0.000090 0.206623 62.019934 0.002579 0.999927 -0.011777 -2.654609 -0.206607 0.012056 0.978350 115.782373 
0.978493 0.001317 0.206277 62.182652 0.000798 0.999948 -0.010170 -2.670209 -0.206279 0.010116 0.978441 116.605530 
0.978407 0.006913 0.206570 62.346672 -0.004532 0.999918 -0.012000 -2.692704 -0.206636 0.010805 0.978358 117.412479 
0.978180 0.012880 0.207361 62.505936 -0.009891 0.999832 -0.015443 -2.707821 -0.207525 0.013055 0.978143 118.226002 
0.977781 0.022322 0.208438 62.665232 -0.019184 0.999670 -0.017064 -2.727803 -0.208750 0.012686 0.977887 119.043200 
0.976996 0.028205 0.211384 62.828633 -0.025332 0.999546 -0.016285 -2.753541 -0.211748 0.010556 0.977267 119.877533 
0.976334 0.029950 0.214183 62.999884 -0.027506 0.999518 -0.014382 -2.774651 -0.214510 0.008150 0.976688 120.728312 
0.975694 0.030982 0.216935 63.173557 -0.028469 0.999487 -0.014698 -2.805871 -0.217279 0.008165 0.976075 121.552591 
0.975292 0.029627 0.218924 63.354720 -0.026482 0.999500 -0.017285 -2.830163 -0.219327 0.011060 0.975589 122.395262 
0.975115 0.023744 0.220424 63.544974 -0.020760 0.999659 -0.015843 -2.856477 -0.220725 0.010873 0.975275 123.226014 
0.975214 0.016536 0.220646 63.746417 -0.013063 0.999767 -0.017191 -2.885421 -0.220879 0.013883 0.975202 124.078276 
0.975077 0.015675 0.221313 63.951613 -0.012126 0.999775 -0.017385 -2.908853 -0.221536 0.014268 0.975048 124.905292 
0.974544 0.018541 0.223428 64.137212 -0.015762 0.999775 -0.014212 -2.927254 -0.223641 0.010328 0.974617 125.753164 
0.974258 0.019757 0.224570 64.318539 -0.018239 0.999795 -0.008832 -2.939214 -0.224698 0.004509 0.974418 126.575803 
0.974069 0.023581 0.225017 64.520245 -0.023132 0.999722 -0.004632 -2.951246 -0.225064 -0.000694 0.974344 127.418638 
0.973780 0.022834 0.226343 64.709784 -0.020868 0.999721 -0.011072 -2.971008 -0.226532 0.006058 0.973985 128.254981 
0.973873 0.019002 0.226297 64.909427 -0.013755 0.999599 -0.024740 -3.006625 -0.226676 0.020981 0.973744 129.089309 
0.974022 0.016720 0.225834 65.109383 -0.009347 0.999389 -0.033678 -3.034938 -0.226260 0.030693 0.973583 129.909364 
0.974480 0.012761 0.224113 65.318640 -0.007266 0.999653 -0.025324 -3.048647 -0.224358 0.023049 0.974234 130.756285 
0.974805 0.006326 0.222971 65.512507 -0.005462 0.999975 -0.004493 -3.076034 -0.222994 0.003162 0.974815 131.620604 
0.975128 0.002217 0.221631 65.703358 -0.004879 0.999922 0.011466 -3.111782 -0.221588 -0.012263 0.975063 132.477285 
0.975215 0.007696 0.221126 65.873013 -0.009174 0.999942 0.005658 -3.122358 -0.221070 -0.007546 0.975229 133.278212 
0.975535 0.016539 0.219219 66.043554 -0.014701 0.999842 -0.010014 -3.143472 -0.219350 0.006546 0.975624 134.071229 
0.975677 0.016771 0.218572 66.208526 -0.013278 0.999760 -0.017440 -3.164101 -0.218812 0.014114 0.975665 134.887105 
0.976131 0.012820 0.216806 66.385005 -0.009110 0.999795 -0.018100 -3.193607 -0.216993 0.015693 0.976047 135.711637 
0.976682 0.011917 0.214362 66.545449 -0.008574 0.999827 -0.016520 -3.213570 -0.214522 0.014297 0.976615 136.531944 
0.977411 0.012164 0.210996 66.709624 -0.008609 0.999805 -0.017760 -3.240280 -0.211171 0.015542 0.977325 137.336150 
0.978424 0.012204 0.206245 66.857007 -0.008355 0.999775 -0.019520 -3.258916 -0.206437 0.017376 0.978306 138.107925 
0.978895 0.017201 0.203638 67.002500 -0.013473 0.999716 -0.019679 -3.284241 -0.203919 0.016520 0.978848 138.899030 
0.979207 0.022902 0.201568 67.146355 -0.019174 0.999607 -0.020426 -3.300099 -0.201956 0.016136 0.979262 139.688853 
0.979554 0.024769 0.199650 67.299370 -0.021548 0.999601 -0.018288 -3.329563 -0.200023 0.013612 0.979697 140.472644 
0.979837 0.022612 0.198515 67.449672 -0.020300 0.999700 -0.013673 -3.347870 -0.198764 0.009368 0.980003 141.245023 
0.980135 0.021560 0.197158 67.599980 -0.019248 0.999722 -0.013632 -3.374586 -0.197397 0.009566 0.980277 142.029893 
0.980587 0.020739 0.194985 67.747090 -0.017891 0.999706 -0.016357 -3.400304 -0.195267 0.012551 0.980670 142.804456 
0.981676 0.015165 0.189952 67.916708 -0.011485 0.999725 -0.020463 -3.422460 -0.190210 0.017906 0.981580 143.582404 
0.982899 0.012585 0.183716 68.060740 -0.008761 0.999728 -0.021614 -3.439091 -0.183938 0.019635 0.982742 144.364131 
0.984027 0.009782 0.177748 68.191949 -0.006970 0.999841 -0.016434 -3.460199 -0.177881 0.014933 0.983939 145.174553 
0.984993 0.007203 0.172442 68.304872 -0.005914 0.999951 -0.007991 -3.479174 -0.172491 0.006851 0.984987 145.985382 
0.985681 0.004880 0.168553 68.447053 -0.005205 0.999985 0.001489 -3.499499 -0.168543 -0.002345 0.985692 146.787880 
0.986168 0.011101 0.165377 68.534913 -0.011907 0.999922 0.003887 -3.505715 -0.165321 -0.005802 0.986223 147.600836 
0.987101 0.014172 0.159467 68.687225 -0.014241 0.999898 -0.000707 -3.520060 -0.159461 -0.001573 0.987203 148.383695 
0.988307 0.014965 0.151740 68.813856 -0.013480 0.999851 -0.010811 -3.533534 -0.151880 0.008639 0.988361 149.166559 
0.989290 0.011650 0.145495 68.929455 -0.009364 0.999822 -0.016389 -3.543749 -0.145660 0.014851 0.989223 149.951922 
0.990297 0.010288 0.138586 69.044254 -0.008258 0.999850 -0.015216 -3.564501 -0.138722 0.013924 0.990233 150.761190 
0.991247 0.016711 0.130957 69.133621 -0.015309 0.999814 -0.011710 -3.589999 -0.131128 0.009602 0.991319 151.562058 
0.992121 0.022279 0.123283 69.214207 -0.020755 0.999692 -0.013636 -3.607651 -0.123549 0.010970 0.992278 152.385728 
0.993242 0.025227 0.113286 69.293277 -0.023168 0.999542 -0.019454 -3.630609 -0.113725 0.016698 0.993372 153.192358 
0.994247 0.023542 0.104488 69.388470 -0.021354 0.999530 -0.022009 -3.648046 -0.104957 0.019651 0.994283 154.011811 
0.995055 0.023879 0.096412 69.462259 -0.022101 0.999566 -0.019462 -3.665457 -0.096835 0.017235 0.995151 154.827626 
0.995756 0.026237 0.088216 69.535758 -0.025267 0.999608 -0.012096 -3.693516 -0.088499 0.009816 0.996028 155.667836 
0.996399 0.028938 0.079697 69.595103 -0.028501 0.999572 -0.006627 -3.706277 -0.079854 0.004332 0.996797 156.506967 
0.997091 0.026064 0.071632 69.656401 -0.025886 0.999659 -0.003416 -3.718951 -0.071696 0.001552 0.997425 157.346818 
0.997506 0.026528 0.065401 69.701653 -0.026491 0.999648 -0.001427 -3.728395 -0.065416 -0.000309 0.997858 158.177161 
0.997812 0.025084 0.061168 69.750016 -0.024954 0.999684 -0.002889 -3.748068 -0.061221 0.001356 0.998123 159.000093 
0.998011 0.028525 0.056216 69.790058 -0.028072 0.999567 -0.008831 -3.753275 -0.056443 0.007235 0.998380 159.811652 
0.998010 0.034724 0.052624 69.813688 -0.033956 0.999304 -0.015423 -3.771126 -0.053123 0.013605 0.998495 160.621505 
0.998107 0.036445 0.049534 69.840949 -0.035594 0.999205 -0.017951 -3.787651 -0.050149 0.016154 0.998611 161.446574 
0.998191 0.038208 0.046422 69.869106 -0.037693 0.999218 -0.011931 -3.806152 -0.046842 0.010160 0.998851 162.269310 
0.998209 0.040080 0.044405 69.893352 -0.040051 0.999196 -0.001548 -3.823866 -0.044431 -0.000233 0.999012 163.116364 
0.998252 0.042180 0.041400 69.920284 -0.042459 0.999081 0.005869 -3.840985 -0.041114 -0.007617 0.999125 163.949634 
0.998561 0.039220 0.036574 69.940500 -0.039338 0.999223 0.002532 -3.853103 -0.036447 -0.003967 0.999328 164.777880 
0.999128 0.027667 0.031255 69.969790 -0.027452 0.999596 -0.007305 -3.865201 -0.031445 0.006440 0.999485 165.594636 
0.999387 0.025616 0.023848 69.996544 -0.025334 0.999606 -0.012051 -3.874430 -0.024147 0.011440 0.999643 166.408206 
0.999424 0.029109 0.017463 69.993935 -0.028918 0.999521 -0.011051 -3.884137 -0.017776 0.010540 0.999786 167.240653 
0.999604 0.026210 0.010242 69.981863 -0.026158 0.999644 -0.005216 -3.899498 -0.010375 0.004946 0.999934 168.087002 
0.999782 0.020660 0.003068 69.969047 -0.020656 0.999786 -0.001384 -3.915598 -0.003096 0.001320 0.999994 168.927529 
0.999920 0.012343 -0.002636 69.962899 -0.012336 0.999921 0.002515 -3.915890 0.002667 -0.002482 0.999993 169.775388 
0.999928 0.007995 -0.008910 69.957831 -0.007974 0.999965 0.002351 -3.923026 0.008929 -0.002279 0.999958 170.610998 
0.999876 0.005180 -0.014859 69.936591 -0.005246 0.999976 -0.004419 -3.938823 0.014836 0.004497 0.999880 171.443759 
0.999744 -0.003749 -0.022301 69.922335 0.003427 0.999890 -0.014433 -3.954768 0.022353 0.014353 0.999647 172.272029 
0.999487 -0.014053 -0.028781 69.916994 0.013524 0.999738 -0.018471 -3.969995 0.029033 0.018072 0.999415 173.090507 
0.999325 -0.010967 -0.035057 69.871087 0.010573 0.999879 -0.011422 -3.983812 0.035178 0.011043 0.999320 173.949523 
0.999192 -0.001073 -0.040171 69.798144 0.001133 0.999998 0.001472 -4.000785 0.040170 -0.001517 0.999192 174.819464 
0.998978 0.003702 -0.045045 69.743226 -0.003272 0.999948 0.009613 -4.016708 0.045078 -0.009456 0.998939 175.673165 
0.998806 0.003958 -0.048694 69.696142 -0.003652 0.999973 0.006379 -4.024198 0.048718 -0.006194 0.998793 176.512065 
0.998716 0.005615 -0.050343 69.639252 -0.005848 0.999973 -0.004491 -4.027790 0.050316 0.004780 0.998722 177.354344 
0.998501 0.015727 -0.052428 69.554593 -0.016485 0.999765 -0.014059 -4.033729 0.052194 0.014903 0.998526 178.193203 
0.998427 0.013847 -0.054329 69.495339 -0.014828 0.999734 -0.017686 -4.048009 0.054069 0.018464 0.998366 179.036728 
0.998350 0.008492 -0.056791 69.455131 -0.009258 0.999869 -0.013247 -4.058020 0.056671 0.013751 0.998298 179.891496 
0.998350 0.008575 -0.056783 69.415131 -0.008824 0.999953 -0.004129 -4.079898 0.056745 0.004623 0.998378 180.733300 
0.998350 0.009564 -0.056626 69.360313 -0.009502 0.999954 0.001364 -4.095528 0.056637 -0.000823 0.998395 181.587895 
0.998237 0.009770 -0.058538 69.317526 -0.009753 0.999952 0.000575 -4.108853 0.058541 -0.000003 0.998285 182.431518 
0.998143 0.006608 -0.060555 69.263307 -0.007154 0.999936 -0.008801 -4.124468 0.060493 0.009218 0.998126 183.283453 
0.998016 -0.003995 -0.062837 69.225017 0.002723 0.999790 -0.020314 -4.142921 0.062905 0.020102 0.997817 184.121425 
0.997824 -0.014680 -0.064280 69.174328 0.013149 0.999621 -0.024183 -4.166700 0.064610 0.023285 0.997639 184.979121 
0.997798 -0.012035 -0.065230 69.110940 0.010774 0.999749 -0.019652 -4.192512 0.065450 0.018906 0.997677 185.839630 
0.997771 -0.005703 -0.066482 69.037471 0.005100 0.999944 -0.009241 -4.208370 0.066531 0.008881 0.997745 186.708132 
0.997663 -0.004495 -0.068179 68.973654 0.004134 0.999977 -0.005431 -4.236039 0.068202 0.005136 0.997658 187.568033 
0.997598 -0.006047 -0.068999 68.912358 0.005430 0.999944 -0.009121 -4.255661 0.069050 0.008725 0.997575 188.409667 
0.997639 -0.006025 -0.068413 68.843428 0.004983 0.999869 -0.015390 -4.269523 0.068496 0.015013 0.997538 189.245312 
0.997645 0.000695 -0.068587 68.766963 -0.001800 0.999870 -0.016048 -4.288769 0.068566 0.016134 0.997516 190.081967 
0.997612 0.002758 -0.069015 68.695244 -0.003649 0.999912 -0.012790 -4.314013 0.068973 0.013011 0.997534 190.917539 
0.997562 0.006820 -0.069459 68.616842 -0.007503 0.999926 -0.009573 -4.338084 0.069388 0.010071 0.997539 191.760606 
0.997538 0.009321 -0.069506 68.549482 -0.009800 0.999930 -0.006558 -4.354386 0.069440 0.007223 0.997560 192.596207 
0.997445 0.012832 -0.070283 68.477676 -0.013319 0.999890 -0.006464 -4.377220 0.070192 0.007384 0.997506 193.418326 
0.997379 0.011387 -0.071454 68.435054 -0.012119 0.999878 -0.009820 -4.400476 0.071333 0.010660 0.997396 194.234279 
0.997283 0.012877 -0.072528 68.369136 -0.014011 0.999787 -0.015160 -4.417112 0.072317 0.016135 0.997251 195.029743 
0.997180 0.013949 -0.073734 68.300463 -0.015089 0.999775 -0.014929 -4.434231 0.073510 0.016000 0.997166 195.828501 
