0.985979 0.025242 0.164949 -1.341163 -0.024935 0.999681 -0.003930 -0.008836 -0.164996 -0.000238 0.986294 1.673253
0.991254 0.018013 0.130733 -1.372829 -0.017893 0.999838 -0.002096 -0.013248 -0.130749 -0.000262 0.991415 1.422812
0.980207 0.021645 0.196790 -1.341772 -0.021970 0.999758 -0.000532 -0.009914 -0.196754 -0.003802 0.980446 1.664857
0.985439 0.022928 0.168476 -1.319738 -0.023741 0.999714 0.002813 -0.012019 -0.168364 -0.006772 0.985702 1.797958
0.984881 0.024329 0.171517 -1.297047 -0.025548 0.999662 0.004903 -0.007773 -0.171340 -0.009211 0.985169 1.939858
0.985104 0.025244 0.170097 -1.258639 -0.026733 0.999622 0.006470 -0.006871 -0.169870 -0.010921 0.985406 2.156425
0.983065 0.027354 0.181205 -1.222137 -0.028668 0.999578 0.004636 -0.004032 -0.181002 -0.009752 0.983434 2.427323
0.980921 0.031481 0.191843 -1.174011 -0.030345 0.999500 -0.008858 -0.004850 -0.192026 0.002868 0.981386 2.664952
0.976716 0.030721 0.212325 -1.114512 -0.028979 0.999516 -0.011309 -0.007518 -0.212569 0.004893 0.977134 2.978181
0.500099 0.145450 -0.853666 7.580370 -0.127791 0.987396 0.093372 -1.438058 0.856487 0.062396 0.512383 28.122137
0.634403 0.088041 -0.767972 7.284188 -0.137134 0.990552 0.000275 -1.417217 0.760741 0.105141 0.640483 28.325258
0.670884 0.061599 -0.739000 6.870019 -0.124817 0.991706 -0.030648 -1.421206 0.730983 0.112801 0.673008 28.666576
0.691295 0.035261 -0.721712 6.508890 -0.111448 0.992060 -0.058282 -1.428608 0.713926 0.120723 0.689736 28.986658
0.702069 0.061778 -0.709424 6.153009 -0.106764 0.994101 -0.019089 -1.435451 0.704060 0.089142 0.704524 29.315710
0.715896 0.047689 -0.696577 5.789526 -0.106653 0.993426 -0.041600 -1.444990 0.690013 0.104074 0.716275 29.663376
0.738813 -0.004351 -0.673897 5.481174 -0.070446 0.994002 -0.083650 -1.460794 0.670219 0.109276 0.734075 29.979134
0.762185 -0.010286 -0.647277 5.102208 -0.074972 0.991743 -0.104041 -1.503453 0.643003 0.127827 0.755121 30.394075
0.778100 -0.009759 -0.628065 4.773917 -0.076181 0.991033 -0.109777 -1.551435 0.623504 0.133264 0.770379 30.770794
0.739760 0.020478 -0.672559 4.452296 -0.096044 0.992516 -0.075420 -1.587152 0.665981 0.120388 0.736190 31.131945
0.727800 -0.019428 -0.685515 4.096169 -0.086063 0.989109 -0.119404 -1.629157 0.680368 0.145900 0.718201 31.500294
0.724859 -0.030351 -0.688228 3.730983 -0.067832 0.991030 -0.115147 -1.675516 0.685549 0.130150 0.716298 31.859009
0.717374 -0.027612 -0.696141 3.371364 -0.058463 0.993304 -0.099644 -1.720605 0.694231 0.112180 0.710956 32.221478
0.701419 -0.043465 -0.711423 3.031819 -0.073766 0.988352 -0.133113 -1.769199 0.708922 0.145847 0.690042 32.558941
0.684856 -0.047787 -0.727110 2.658615 -0.089840 0.984697 -0.149335 -1.823486 0.723119 0.167597 0.670082 32.900318
0.663238 -0.033921 -0.747640 2.285247 -0.098933 0.986232 -0.132510 -1.887543 0.741841 0.161852 0.650750 33.230488
0.648446 -0.054238 -0.759326 1.890046 -0.103134 0.982003 -0.158218 -1.944276 0.754242 0.180908 0.631183 33.546822
0.642770 -0.094898 -0.760159 1.531116 -0.097263 0.974157 -0.203856 -2.020972 0.759860 0.204968 0.616929 33.829624
0.627303 -0.125753 -0.768555 1.176649 -0.088771 0.968898 -0.230989 -2.098981 0.773700 0.213126 0.596629 34.102215
0.623389 -0.116669 -0.773159 0.856810 -0.088245 0.971991 -0.217823 -2.176017 0.776916 0.204016 0.595633 34.335529
0.627265 -0.121624 -0.769251 0.632627 -0.080226 0.972385 -0.219160 -2.225336 0.774663 0.199185 0.600186 34.488098
0.624293 -0.141313 -0.768302 0.403837 -0.082934 0.965955 -0.245057 -2.278638 0.776775 0.216706 0.591320 34.648411
0.608319 -0.117316 -0.784975 0.149224 -0.085479 0.973579 -0.211746 -2.345007 0.789076 0.195908 0.582219 34.837063
0.606194 -0.148802 -0.781273 -0.154479 -0.089066 0.963461 -0.252609 -2.417235 0.790314 0.222715 0.570791 35.040997
0.578646 -0.134060 -0.804485 -0.425610 -0.115858 0.962883 -0.243790 -2.485240 0.807308 0.234274 0.541636 35.226948
0.513215 -0.118263 -0.850073 -0.686072 -0.139394 0.965825 -0.218523 -2.545651 0.846865 0.230644 0.479190 35.379810
0.447799 -0.125870 -0.885230 -0.998907 -0.155082 0.964103 -0.215534 -2.618975 0.880583 0.233799 0.412204 35.548294
0.451486 -0.135020 -0.882003 -1.322369 -0.142090 0.964992 -0.220458 -2.686011 0.880892 0.224857 0.416496 35.695076
0.412504 -0.129951 -0.901639 -1.636007 -0.155852 0.965112 -0.210402 -2.749430 0.897525 0.227314 0.377859 35.832741
0.399692 -0.148853 -0.904483 -1.967730 -0.163372 0.959361 -0.230079 -2.810794 0.901973 0.239728 0.359131 35.958149
0.417784 -0.146622 -0.896638 -2.311967 -0.134974 0.965925 -0.220843 -2.873781 0.898465 0.213287 0.383757 36.081402
0.336151 -0.131456 -0.932589 -2.677471 -0.165233 0.966621 -0.195811 -2.944566 0.927200 0.219916 0.303210 36.211132
0.278525 -0.141355 -0.949970 -3.061202 -0.166976 0.966920 -0.192834 -3.006018 0.945803 0.212332 0.245708 36.324520
0.274797 -0.164992 -0.947240 -3.449308 -0.185022 0.957681 -0.220486 -3.069623 0.943532 0.235849 0.232641 36.414101
0.273719 -0.116821 -0.954689 -3.842650 -0.186166 0.967390 -0.171751 -3.128098 0.943621 0.224742 0.243044 36.494701
0.293505 -0.117871 -0.948663 -4.234609 -0.165044 0.971219 -0.171736 -3.180663 0.941603 0.206977 0.265604 36.585552
0.270060 -0.120800 -0.955236 -4.605267 -0.149324 0.974840 -0.165495 -3.228078 0.951194 0.187333 0.245227 36.672237
0.259604 -0.129137 -0.957042 -5.005845 -0.150713 0.973458 -0.172234 -3.277122 0.953882 0.188951 0.233251 36.758732
0.245048 -0.113948 -0.962792 -5.389752 -0.144430 0.977697 -0.152472 -3.328720 0.958693 0.176419 0.223125 36.832966
0.216594 -0.133051 -0.967153 -5.811405 -0.166081 0.971207 -0.170803 -3.379399 0.962031 0.197621 0.188260 36.914841
0.188059 -0.074606 -0.979320 -6.223185 -0.167840 0.980002 -0.106889 -3.425696 0.967711 0.184470 0.171777 36.980305
0.207120 -0.071149 -0.975725 -6.671413 -0.180921 0.977364 -0.109673 -3.458784 0.961441 0.199244 0.189559 37.051228
0.307367 -0.049768 -0.950289 -7.095541 -0.200701 0.972777 -0.115862 -3.490039 0.930185 0.226336 0.289011 37.153839
0.401965 -0.058005 -0.913816 -7.492659 -0.166503 0.976723 -0.135239 -3.522896 0.900389 0.206515 0.382951 37.283989
0.444530 -0.047216 -0.894519 -7.824274 -0.153977 0.979718 -0.128231 -3.555315 0.882431 0.194738 0.428244 37.406761
0.460249 -0.054696 -0.886104 -8.237794 -0.161567 0.976273 -0.144181 -3.599291 0.872965 0.209524 0.440491 37.597401
0.471452 -0.030159 -0.881376 -8.696472 -0.154794 0.981069 -0.116370 -3.645514 0.868201 0.191294 0.457858 37.819202
0.449141 -0.020852 -0.893217 -9.098086 -0.148466 0.984087 -0.097628 -3.679128 0.881039 0.176461 0.438898 38.013626
0.439514 -0.027277 -0.897821 -9.525296 -0.153437 0.982568 -0.104964 -3.714710 0.885034 0.183892 0.427667 38.201435
0.470697 0.009892 -0.882240 -9.929469 -0.150066 0.986265 -0.069005 -3.743594 0.869440 0.164874 0.465716 38.386597
0.548008 -0.001604 -0.836472 -10.315721 -0.135256 0.986669 -0.090504 -3.771606 0.825465 0.162735 0.540485 38.592243
0.576960 0.000982 -0.816772 -10.711683 -0.132792 0.986807 -0.092616 -3.800308 0.805906 0.161897 0.569479 38.838261
0.584556 0.048677 -0.809892 -11.086817 -0.153848 0.986739 -0.051737 -3.823360 0.796634 0.154843 0.584293 39.099281
0.597670 0.041461 -0.800670 -11.477131 -0.140834 0.988563 -0.053936 -3.844517 0.789276 0.144998 0.596673 39.373795
0.638328 0.012599 -0.769661 -11.873307 -0.135958 0.985992 -0.096618 -3.868573 0.757663 0.166316 0.631099 39.651520
0.809144 0.063196 -0.584203 -12.228582 -0.102093 0.994199 -0.033856 -3.889940 0.578674 0.087037 0.810902 39.998344
0.921975 0.066787 -0.381446 -12.453717 -0.100330 0.992579 -0.068714 -3.904682 0.374026 0.101622 0.921834 40.375515
0.955978 0.065285 -0.286085 -12.631441 -0.083126 0.995251 -0.050654 -3.924977 0.281420 0.072206 0.956864 40.839348
0.956646 0.065072 -0.283891 -12.649290 -0.079617 0.996023 -0.039990 -3.926890 0.280160 0.060859 0.958022 40.899185
0.988205 0.061524 -0.140237 -12.654501 -0.071317 0.995274 -0.065908 -3.927127 0.135520 0.075132 0.987922 40.890694
0.962878 0.066984 0.261496 -12.655910 -0.042792 0.994350 -0.097139 -3.928365 -0.266525 0.082343 0.960304 40.890392
0.601060 0.073530 0.795814 -12.658278 0.016081 0.994444 -0.104028 -3.925614 -0.799042 0.075325 0.596538 40.884590
0.050530 0.064387 0.996645 -12.662807 0.077380 0.994668 -0.068182 -3.924155 -0.995720 0.080566 0.045278 40.887642
-0.553421 0.073953 0.829612 -12.657948 0.108107 0.994002 -0.016490 -3.927436 -0.825856 0.080561 -0.558097 40.875259
-0.982260 0.070579 0.173733 -12.652984 0.082797 0.994503 0.064102 -3.916181 -0.168253 0.077349 -0.982704 40.869488
-0.855656 0.076375 -0.511879 -12.658317 0.027940 0.994426 0.101670 -3.924133 0.516790 0.072692 -0.853020 40.862099
-0.392709 0.067574 -0.917177 -12.660934 -0.032074 0.995684 0.087091 -3.919774 0.919103 0.063619 -0.388847 40.857956
0.310444 0.071230 -0.947919 -12.663943 -0.097722 0.994297 0.042711 -3.917814 0.945556 0.079373 0.315634 40.856728
0.525889 0.072436 -0.847463 -12.667869 -0.097808 0.994908 0.024345 -3.922553 0.844911 0.070086 0.530296 40.852318
0.254592 0.071337 -0.964414 -12.669614 -0.093921 0.994385 0.048760 -3.914591 0.962477 0.078164 0.259863 40.860828
-0.268240 0.069848 -0.960817 -12.674290 -0.049553 0.995047 0.086171 -3.915883 0.962077 0.070726 -0.263450 40.864567
-0.673646 0.070093 -0.735722 -12.745440 -0.018423 0.993590 0.111529 -3.915863 0.738824 0.088685 -0.668037 40.829174
-0.670529 0.093576 -0.735958 -12.747849 0.005314 0.992594 0.121365 -3.916586 0.741864 0.077467 -0.666060 40.822304
-0.722190 0.076776 -0.687420 -12.957450 -0.003092 0.993452 0.114204 -3.883413 0.691688 0.084603 -0.717224 40.613049
-0.811969 0.072127 -0.579227 -13.236739 0.007406 0.993529 0.113335 -3.826722 0.583654 0.087735 -0.807249 40.262917
-0.838045 0.084916 -0.538952 -13.516994 0.012480 0.990539 0.136661 -3.773294 0.545458 0.107802 -0.831176 39.858097
-0.873089 0.083909 -0.480287 -13.763803 0.022616 0.990989 0.132018 -3.714950 0.487036 0.104401 -0.867119 39.445751
-0.884429 0.082026 -0.459409 -13.981977 0.021141 0.990463 0.136145 -3.655877 0.466196 0.110698 -0.877729 39.040226
-0.901440 0.075112 -0.426338 -14.213659 0.030241 0.993353 0.111068 -3.586291 0.431846 0.087228 -0.897720 38.569145
-0.902854 0.058445 -0.425955 -14.450741 -0.003098 0.989808 0.142376 -3.511589 0.429935 0.129864 -0.893471 38.048458
-0.985603 0.067356 -0.155080 -14.654646 0.046612 0.989924 0.133711 -3.433086 0.162524 0.124557 -0.978811 37.480968
-0.987778 0.055350 0.145712 -14.658344 0.074142 0.989144 0.126875 -3.383391 -0.137108 0.136128 -0.981158 37.085327
-0.952877 0.046463 0.299780 -14.534975 0.087620 0.988237 0.125340 -3.321593 -0.290430 0.145700 -0.945739 36.593708
-0.945282 0.034462 0.324432 -14.374605 0.085203 0.985973 0.143517 -3.260135 -0.314935 0.163307 -0.934959 36.096870
-0.940327 0.028578 0.339070 -14.245006 0.078985 0.987582 0.135808 -3.203661 -0.330978 0.154485 -0.930907 35.718967
-0.932478 0.023965 0.360433 -14.090921 0.087326 0.983157 0.160552 -3.132297 -0.350514 0.181186 -0.918864 35.306030
-0.950818 0.004407 0.309720 -13.912642 0.061071 0.982939 0.173495 -3.053596 -0.303672 0.183876 -0.934865 34.823120
-0.984234 0.020274 0.175706 -13.814761 0.048007 0.986738 0.155059 -2.994178 -0.170232 0.161050 -0.972154 34.450699
-0.990746 0.013005 0.135108 -13.748684 0.031803 0.989932 0.137922 -2.931058 -0.131954 0.140943 -0.981185 34.043819
-0.953146 -0.014001 0.302188 -13.629779 0.040628 0.983954 0.173733 -2.846658 -0.299772 0.177870 -0.937283 33.547127
-0.942290 -0.024419 0.333906 -13.469629 0.036506 0.983896 0.174975 -2.765514 -0.332801 0.177066 -0.926224 33.115795
-0.929387 -0.013106 0.368874 -13.277701 0.055292 0.983150 0.174241 -2.670614 -0.364942 0.182333 -0.913002 32.595379
-0.923183 -0.006980 0.384297 -13.071864 0.058626 0.985579 0.158736 -2.582610 -0.379863 0.169072 -0.909461 32.105721
-0.922384 -0.010974 0.386118 -13.037731 0.058324 0.984180 0.167299 -2.571310 -0.381846 0.176834 -0.907152 32.023754
-0.909695 -0.044157 0.412923 -12.607955 0.046978 0.977006 0.207974 -2.394780 -0.412612 0.208591 -0.886703 31.117632
-0.902618 -0.063198 0.425778 -12.348392 0.037382 0.973917 0.223804 -2.275662 -0.428816 0.217926 -0.876713 30.599352
-0.915596 -0.045875 0.399473 -12.135406 0.040324 0.977987 0.204733 -2.174655 -0.400071 0.203562 -0.893591 30.152731
-0.936482 -0.047046 0.347547 -11.882657 0.017891 0.983263 0.181309 -2.056325 -0.350260 0.176010 -0.919967 29.573778
-0.936557 -0.033572 0.348904 -11.723982 0.040287 0.978496 0.202293 -1.978034 -0.348193 0.203515 -0.915065 29.170492
-0.954999 -0.052591 0.291910 -11.551664 0.009786 0.978033 0.208221 -1.884903 -0.296448 0.201708 -0.933506 28.695642
-0.963791 -0.061353 0.259504 -11.402858 -0.013024 0.982841 0.183995 -1.797925 -0.266339 0.173953 -0.948053 28.246595
-0.979776 -0.061866 0.190293 -11.293286 -0.013291 0.969025 0.246604 -1.706357 -0.199655 0.239087 -0.950250 27.811533
-0.985690 -0.035386 0.164813 -11.205914 -0.004028 0.982383 0.186837 -1.615868 -0.168520 0.183499 -0.968467 27.363209
-0.991450 -0.092484 0.092051 -11.106598 -0.072424 0.976834 0.201368 -1.503809 -0.108542 0.192980 -0.975181 26.820490
-0.972089 -0.086174 0.218213 -11.015080 -0.038512 0.976095 0.213905 -1.414762 -0.231430 0.199531 -0.952170 26.356937
-0.968983 -0.076079 0.235126 -10.876348 -0.023827 0.975762 0.217532 -1.289402 -0.245977 0.205182 -0.947310 25.832397
-0.960262 -0.052259 0.274164 -10.714731 0.009479 0.975641 0.219169 -1.161776 -0.278939 0.213058 -0.936376 25.274448
-0.960567 -0.089717 0.263177 -10.539686 -0.027667 0.972656 0.230597 -1.038466 -0.276669 0.214222 -0.936784 24.745527
-0.955263 -0.066678 0.288144 -10.373857 -0.023527 0.988299 0.150701 -0.942582 -0.294820 0.137180 -0.945655 24.224945
-0.950178 -0.093386 0.297392 -10.195350 -0.032386 0.978480 0.203785 -0.854537 -0.310023 0.184000 -0.932754 23.710264
-0.953495 -0.095597 0.285847 -10.051646 -0.039867 0.980038 0.194774 -0.772014 -0.298761 0.174320 -0.938272 23.287695
-0.981063 -0.082567 0.175210 -9.887068 -0.052188 0.983818 0.171401 -0.667972 -0.186527 0.159011 -0.969497 22.733648
-0.997083 -0.069287 0.032014 -9.819018 -0.063439 0.985538 0.157131 -0.586260 -0.042439 0.154642 -0.987059 22.202953
-0.983910 -0.109076 -0.141506 -9.795099 -0.129914 0.980489 0.147524 -0.504063 0.122654 0.163534 -0.978883 21.769382
-0.849027 -0.078870 -0.522429 -9.918011 -0.146895 0.985048 0.090017 -0.454406 0.507518 0.153169 -0.847918 21.354761
-0.660253 -0.090579 -0.745561 -10.239991 -0.168005 0.985357 0.029069 -0.417200 0.732011 0.144451 -0.665803 20.981434
-0.729717 -0.076194 -0.679491 -10.617177 -0.148913 0.987627 0.049173 -0.383823 0.667337 0.137067 -0.732034 20.583097
-0.806409 -0.102483 -0.582410 -10.924361 -0.161046 0.985703 0.049537 -0.346018 0.569007 0.133742 -0.811385 20.147268
-0.818612 -0.096189 -0.566235 -11.164748 -0.166048 0.983412 0.073001 -0.310072 0.549821 0.153782 -0.821005 19.778950
-0.820429 -0.091506 -0.564379 -11.195977 -0.163157 0.983535 0.077713 -0.306763 0.547975 0.155840 -0.821850 19.728680
-0.847702 -0.097925 -0.521356 -11.722239 -0.162286 0.983566 0.079130 -0.207996 0.505039 0.151688 -0.849662 18.843630
-0.846206 -0.097487 -0.523862 -11.985626 -0.179384 0.977856 0.107791 -0.147850 0.501754 0.185186 -0.844955 18.343998
-0.863507 -0.127330 -0.487998 -12.227256 -0.170043 0.984453 0.044023 -0.098743 0.474806 0.120995 -0.871734 17.879333
-0.872425 -0.097495 -0.478926 -12.475152 -0.150437 0.985895 0.073341 -0.044484 0.465021 0.136032 -0.874787 17.373377
-0.883774 -0.068890 -0.462815 -12.705203 -0.139960 0.982738 0.120982 0.007885 0.446492 0.171697 -0.878160 16.894897
-0.889667 -0.074257 -0.450532 -12.941098 -0.139133 0.983853 0.112588 0.062124 0.434896 0.162849 -0.885633 16.383142
-0.909435 -0.063941 -0.410901 -13.143355 -0.109301 0.990120 0.087838 0.113242 0.401225 0.124794 -0.907439 15.931550
-0.913012 -0.076007 -0.400790 -13.348470 -0.126788 0.986702 0.101705 0.176160 0.387730 0.143673 -0.910508 15.409700
-0.917603 -0.057939 -0.393253 -13.532093 -0.115588 0.985461 0.124519 0.230224 0.380322 0.159715 -0.910959 14.924218
-0.858650 -0.075187 -0.507018 -13.720699 -0.163344 0.977748 0.131636 0.300780 0.485839 0.195848 -0.851824 14.472388
-0.823339 -0.092854 -0.559904 -13.962923 -0.157686 0.985110 0.068506 0.350885 0.545206 0.144693 -0.825721 14.039358
-0.803379 -0.069394 -0.591411 -14.239441 -0.168860 0.978965 0.114512 0.397118 0.571024 0.191862 -0.798198 13.596439
-0.852447 -0.076966 -0.517117 -14.512781 -0.136447 0.987577 0.077940 0.451225 0.504694 0.136998 -0.852358 13.174874
-0.936562 -0.043705 -0.347766 -14.773803 -0.101144 0.983686 0.148767 0.521858 0.335591 0.174504 -0.925704 12.563224
-0.939618 -0.054391 -0.337876 -14.915292 -0.101343 0.987231 0.122904 0.587452 0.326876 0.149724 -0.933132 12.116917
-0.927051 -0.044186 -0.372323 -15.083209 -0.097665 0.987209 0.126018 0.662018 0.361992 0.153188 -0.919508 11.614368
-0.860478 -0.083920 -0.502529 -15.308640 -0.157510 0.981840 0.105742 0.736025 0.484529 0.170143 -0.858069 11.070836
-0.853209 -0.092994 -0.513211 -15.565403 -0.162111 0.982524 0.091474 0.797118 0.495736 0.161244 -0.853374 10.567432
-0.871701 -0.027070 -0.489290 -15.811913 -0.139251 0.970995 0.194364 0.876640 0.469837 0.237561 -0.850187 10.104294
-0.926895 -0.059782 -0.370528 -16.003220 -0.120226 0.982505 0.142231 0.960860 0.355543 0.176380 -0.917867 9.655221
-0.939244 -0.083467 -0.332949 -16.193991 -0.130672 0.983894 0.121972 1.058898 0.317405 0.158069 -0.935023 9.064742
-0.962625 -0.042579 -0.267470 -16.338955 -0.071636 0.992422 0.099835 1.137696 0.261192 0.115265 -0.958380 8.594464
-0.974876 -0.021653 -0.221694 -16.447981 -0.063758 0.980747 0.184581 1.197101 0.213429 0.194079 -0.957487 8.112095
-0.993586 -0.016906 -0.111812 -16.522509 -0.034369 0.987134 0.156158 1.273169 0.107733 0.158999 -0.981383 7.619255
-0.995088 -0.034380 -0.092834 -16.563946 -0.048386 0.987022 0.153122 1.349270 0.086365 0.156861 -0.983837 7.120953
-0.998745 -0.049995 0.002944 -16.577248 -0.049334 0.992261 0.113945 1.411110 -0.008618 0.113657 -0.993483 6.655715
-0.982356 -0.040499 0.182581 -16.538845 -0.021678 0.994349 0.103922 1.456617 -0.185758 0.098131 -0.977683 6.241962
-0.932909 -0.029833 0.358876 -16.397816 0.008027 0.994592 0.103547 1.515685 -0.360024 0.099480 -0.927624 5.758685
-0.895216 0.000539 0.445632 -16.175373 0.042540 0.995536 0.084253 1.570397 -0.443597 0.094382 -0.891243 5.243401
-0.836629 0.083632 0.541347 -15.923009 0.069273 0.996495 -0.046888 1.588012 -0.543371 -0.001727 -0.839491 4.785425
-0.767390 0.051021 0.639147 -15.627448 0.058875 0.998225 -0.008997 1.585248 -0.638471 0.030726 -0.769032 4.383558
-0.763658 0.146610 0.628754 -15.317942 0.039234 0.982614 -0.181469 1.556850 -0.644428 -0.113912 -0.756133 4.023652
-0.750931 0.132533 0.646945 -15.006129 0.057071 0.989013 -0.136364 1.495069 -0.657910 -0.065479 -0.750245 3.658290
-0.719128 0.129189 0.682763 -14.686419 0.056909 0.990215 -0.127422 1.452740 -0.692544 -0.052777 -0.719443 3.307456
-0.615430 0.122544 0.778607 -14.332618 0.026390 0.990490 -0.135033 1.411669 -0.787750 -0.062556 -0.612811 2.983661
-0.522768 0.135642 0.841614 -13.894274 0.002463 0.987496 -0.157624 1.347060 -0.852471 -0.080327 -0.516566 2.678271
-0.526144 0.074191 0.847153 -13.465957 0.011271 0.996708 -0.080288 1.297194 -0.850321 -0.032695 -0.525248 2.420300
-0.450093 0.087396 0.888695 -13.010613 0.018750 0.995905 -0.088443 1.256834 -0.892785 -0.023145 -0.449888 2.170929
-0.198094 0.064094 0.978085 -12.514399 0.005717 0.997918 -0.064236 1.229873 -0.980166 -0.007133 -0.198048 1.998819
0.114739 0.056542 0.991785 -11.964368 -0.034420 0.998006 -0.052915 1.205114 -0.992799 -0.028066 0.116457 1.966808
0.315476 0.003139 0.948929 -11.477196 -0.039116 0.999188 0.009699 1.202014 -0.948127 -0.040178 0.315342 2.156467
0.299966 0.018372 0.953773 -10.981250 -0.029029 0.999527 -0.010123 1.203129 -0.953508 -0.024651 0.300358 2.339715
0.034274 0.046051 0.998351 -10.465871 -0.032824 0.998451 -0.044929 1.197084 -0.998873 -0.031230 0.035732 2.446175
-0.375138 0.040906 0.926066 -10.016906 0.001812 0.999056 -0.043396 1.176321 -0.926967 -0.014601 -0.374858 2.355080
-0.633814 0.006186 0.773461 -9.624980 -0.007020 0.999881 -0.013749 1.171271 -0.773454 -0.014144 -0.633695 2.128399
-0.701219 0.027728 0.712407 -9.195548 -0.001496 0.999184 -0.040361 1.164288 -0.712945 -0.029368 -0.700605 1.759186
-0.729425 0.050444 0.682199 -8.800869 0.014184 0.998178 -0.058642 1.147843 -0.683914 -0.033098 -0.728812 1.374709
-0.757015 0.051976 0.651327 -8.470509 0.038439 0.998647 -0.035015 1.128743 -0.652266 -0.001470 -0.757989 1.017627
-0.777768 0.056859 0.625974 -8.116512 0.042796 0.998379 -0.037512 1.120162 -0.627092 -0.002387 -0.778941 0.597685
-0.779753 0.098695 0.618259 -7.801550 0.058203 0.994648 -0.085373 1.087929 -0.623376 -0.030585 -0.781324 0.193802
-0.704117 0.041769 0.708855 -7.485170 0.019596 0.999031 -0.039403 1.050794 -0.709814 -0.013853 -0.704253 -0.172345
-0.498986 -0.003939 0.866601 -7.056767 0.001712 0.999983 0.005531 1.052483 -0.866608 0.004243 -0.498971 -0.539173
-0.280151 -0.013078 0.959867 -6.591117 0.007523 0.999847 0.015819 1.061594 -0.959927 0.011653 -0.280009 -0.744529
-0.155183 -0.014720 0.987776 -6.061274 0.005048 0.999864 0.015693 1.074729 -0.987873 0.007422 -0.155087 -0.843638
-0.128200 -0.015244 0.991631 -5.528137 -0.002764 0.999883 0.015013 1.083936 -0.991745 -0.000816 -0.128227 -0.922435
-0.106957 -0.017708 0.994106 -4.986581 -0.005913 0.999835 0.017174 1.097406 -0.994246 -0.004042 -0.107044 -0.978684
0.063274 -0.019349 0.997809 -4.439600 0.005462 0.999804 0.019042 1.116280 -0.997981 0.004246 0.063367 -0.996320
0.376415 -0.018201 0.926272 -4.044533 0.008236 0.999833 0.016299 1.130705 -0.926415 0.001494 0.376502 -0.890822
0.624164 -0.018600 0.781072 -4.000794 0.012988 0.999825 0.013430 1.133798 -0.781186 0.001762 0.624296 -0.871385
0.970925 -0.017527 0.238742 -3.994359 0.017550 0.999844 0.002028 1.138137 -0.238740 0.002221 0.971081 -0.837718
0.972015 -0.019434 0.234112 -3.895541 0.018720 0.999811 0.005273 1.145406 -0.234170 -0.000743 0.972195 -0.410766
0.972119 -0.018975 0.233719 -3.802061 0.019123 0.999816 0.001633 1.146237 -0.233707 0.002882 0.972303 -0.035843
0.971449 -0.019841 0.236416 -3.715667 0.020991 0.999777 -0.002348 1.149444 -0.236317 0.007243 0.971649 0.338639
0.972054 -0.018947 0.233990 -3.626765 0.018099 0.999820 0.005773 1.149118 -0.234057 -0.001376 0.972222 0.718600
0.991867 -0.015878 0.126287 -3.562024 0.014200 0.999799 0.014176 1.152684 -0.126487 -0.012268 0.991892 1.087175
0.994489 -0.012259 0.104125 -3.514566 0.010907 0.999849 0.013538 1.159918 -0.104275 -0.012328 0.994472 1.495835
0.988231 -0.008779 0.152718 -3.478649 0.007074 0.999906 0.011702 1.164189 -0.152807 -0.010484 0.988200 1.789228
0.980957 -0.003227 0.194199 -3.415398 0.002184 0.999982 0.005587 1.173571 -0.194213 -0.005057 0.980946 2.148139
0.965744 0.000080 0.259495 -3.279078 -0.002834 0.999944 0.010238 1.184959 -0.259479 -0.010623 0.965690 2.780233
